{
  "asset": {
    "version": "2.0",
    "generator": "THREE.GLTFExporter"
  },
  "scenes": [
    {
      "nodes": [
        0
      ]
    }
  ],
  "scene": 0,
  "nodes": [
    {
      "children": [
        92
      ],
      "matrix": [
        0.01,
        0,
        0,
        0,
        0,
        0.01,
        0,
        0,
        0,
        0,
        0.01,
        0,
        0,
        0,
        0,
        1
      ]
    },
    {
      "matrix": [
        0.5212001024929999,
        -0.1588117481724681,
        -0.8385280447329659,
        0,
        0.2914734119901239,
        0.9565789304092138,
        0,
        0,
        0.80211826014879,
        -0.2444086302477248,
        0.544858438675872,
        0,
        0,
        0,
        0,
        1
      ],
      "name": "Directional Light",
      "extensions": {
        "KHR_lights_punctual": {
          "light": 0
        }
      }
    },
    {
      "matrix": [
        1,
        0,
        0,
        0,
        0,
        2.2204460492503136e-16,
        -1.0000000000000002,
        0,
        0,
        1.0000000000000002,
        2.2204460492503136e-16,
        0,
        0,
        0,
        0,
        1
      ],
      "name": "Floor",
      "mesh": 0
    },
    {
      "matrix": [
        1,
        0,
        0,
        0,
        0,
        2.2204460492503535e-16,
        -1.0000000000000184,
        0,
        0,
        1.0000000000000184,
        2.2204460492503535e-16,
        0,
        444.5,
        69.90318992372399,
        1439.3584480285633,
        1
      ],
      "name": "Ball",
      "mesh": 1
    },
    {
      "matrix": [
        0.372940229260233,
        8.326672684688733e-16,
        -0.9278553687937252,
        0,
        -0.9278553687938434,
        4.440892098501224e-16,
        -0.3729402292602803,
        0,
        5.551115123126552e-17,
        1.000000000000139,
        9.992007221627795e-16,
        0,
        875.7227070632365,
        1.0516032489249483e-12,
        694.8787861762934,
        1
      ],
      "name": "Cube 16",
      "mesh": 2
    },
    {
      "matrix": [
        0.372940229260233,
        8.326672684688733e-16,
        -0.9278553687937252,
        0,
        -0.9278553687938434,
        4.440892098501224e-16,
        -0.3729402292602803,
        0,
        5.551115123126552e-17,
        1.000000000000139,
        9.992007221627795e-16,
        0,
        875.7227070632363,
        1.0516032489249475e-12,
        -930.1858441366966,
        1
      ],
      "name": "Cube 17",
      "mesh": 3
    },
    {
      "matrix": [
        0.372940229260233,
        8.326672684688733e-16,
        -0.9278553687937252,
        0,
        -0.9278553687938434,
        4.440892098501224e-16,
        -0.3729402292602803,
        0,
        5.551115123126552e-17,
        1.000000000000139,
        9.992007221627795e-16,
        0,
        875.7227070632364,
        1.0516032489249479e-12,
        -108.22808597937647,
        1
      ],
      "name": "Cube 15",
      "mesh": 4
    },
    {
      "matrix": [
        -0.3884357613851393,
        -1.1102230246251642e-16,
        0.921475805041654,
        0,
        0.9214758050417711,
        -4.440892098501226e-16,
        0.3884357613851881,
        0,
        5.551115123126563e-17,
        1.00000000000014,
        -1.1102230246253128e-16,
        0,
        -873.6716230990795,
        1.051603248924948e-12,
        -661.3559755956632,
        1
      ],
      "name": "Cube 17",
      "mesh": 3
    },
    {
      "matrix": [
        -0.3884357613851382,
        -1.110223024625164e-16,
        0.9214758050416535,
        0,
        0.9214758050417708,
        -2.2204460492506124e-16,
        0.38843576138518776,
        0,
        1.110223024625311e-16,
        1.000000000000139,
        1.110223024625311e-16,
        0,
        -873.6716230990794,
        1.0516032489249483e-12,
        160.6017825616568,
        1
      ],
      "name": "Cube 15",
      "mesh": 4
    },
    {
      "matrix": [
        -0.3884357613851378,
        -1.6653345369377476e-16,
        0.9214758050416537,
        0,
        0.921475805041771,
        0,
        0.3884357613851873,
        0,
        5.551115123126556e-17,
        1.0000000000001394,
        2.220446049250623e-16,
        0,
        -873.6716230990794,
        1.0516032489249483e-12,
        942.3375680541571,
        1
      ],
      "name": "Cube 12",
      "mesh": 5
    },
    {
      "matrix": [
        -0.2137451096695239,
        -1.1102230246251585e-15,
        -0.9768894656471461,
        0,
        -0.9768894656472732,
        -2.2204460492506055e-16,
        0.21374510966955185,
        0,
        -4.996003610813871e-16,
        1.000000000000133,
        -8.881784197002436e-16,
        0,
        883.4727172676404,
        9.947598300641405e-13,
        567.4074273062042,
        1
      ],
      "name": "Cube 16",
      "mesh": 2
    },
    {
      "matrix": [
        -0.2137451096695239,
        -1.1102230246251585e-15,
        -0.9768894656471461,
        0,
        -0.9768894656472732,
        -2.2204460492506055e-16,
        0.21374510966955185,
        0,
        -4.996003610813871e-16,
        1.000000000000133,
        -8.881784197002436e-16,
        0,
        883.4727172676405,
        9.947598300641405e-13,
        -1057.6572030067855,
        1
      ],
      "name": "Cube 17",
      "mesh": 3
    },
    {
      "matrix": [
        -0.2137451096695239,
        -1.1102230246251585e-15,
        -0.9768894656471461,
        0,
        -0.9768894656472732,
        -2.2204460492506055e-16,
        0.21374510966955185,
        0,
        -4.996003610813871e-16,
        1.000000000000133,
        -8.881784197002436e-16,
        0,
        883.4727172676405,
        9.947598300641405e-13,
        -235.69944484946575,
        1
      ],
      "name": "Cube 15",
      "mesh": 4
    },
    {
      "matrix": [
        0.19734554890914344,
        -3.3306690738754765e-16,
        0.9803339912120528,
        0,
        0.9803339912121807,
        9.244463733058732e-33,
        -0.1973455489091691,
        0,
        1.1102230246253047e-16,
        1.0000000000001334,
        3.3306690738759143e-16,
        0,
        -883.5565583299559,
        9.947598300641405e-13,
        -534.0323798019659,
        1
      ],
      "name": "Cube 17",
      "mesh": 3
    },
    {
      "matrix": [
        0.19734554890914344,
        -3.3306690738754765e-16,
        0.9803339912120528,
        0,
        0.9803339912121807,
        9.244463733058732e-33,
        -0.1973455489091691,
        0,
        1.1102230246253047e-16,
        1.0000000000001334,
        3.3306690738759143e-16,
        0,
        -883.556558329956,
        9.947598300641403e-13,
        287.9253783553541,
        1
      ],
      "name": "Cube 15",
      "mesh": 4
    },
    {
      "matrix": [
        0.19734554890914344,
        -3.3306690738754765e-16,
        0.9803339912120528,
        0,
        0.9803339912121807,
        9.244463733058732e-33,
        -0.1973455489091691,
        0,
        1.1102230246253047e-16,
        1.0000000000001334,
        3.3306690738759143e-16,
        0,
        -883.5565583299559,
        9.947598300641403e-13,
        1069.661163847854,
        1
      ],
      "name": "Cube 11",
      "mesh": 6
    },
    {
      "matrix": [
        0.8135530061064676,
        2.5535129566379015e-15,
        -0.5814907619688923,
        0,
        -0.5814907619689623,
        3.9968028886511094e-15,
        -0.8135530061065656,
        0,
        2.220446049250639e-16,
        1.000000000000147,
        4.662936703426342e-15,
        0,
        803.1683960530395,
        -5.684341886080634e-14,
        797.2017133518531,
        1
      ],
      "name": "Cube 16",
      "mesh": 2
    },
    {
      "matrix": [
        0.8135530061064676,
        2.5535129566379015e-15,
        -0.5814907619688923,
        0,
        -0.5814907619689623,
        3.9968028886511094e-15,
        -0.8135530061065656,
        0,
        2.220446049250639e-16,
        1.000000000000147,
        4.662936703426342e-15,
        0,
        803.1683960530397,
        -5.68434188608089e-14,
        -827.8629169611366,
        1
      ],
      "name": "Cube 17",
      "mesh": 3
    },
    {
      "matrix": [
        0.8135530061064676,
        2.5535129566379015e-15,
        -0.5814907619688923,
        0,
        -0.5814907619689623,
        3.9968028886511094e-15,
        -0.8135530061065656,
        0,
        2.220446049250639e-16,
        1.000000000000147,
        4.662936703426342e-15,
        0,
        803.1683960530396,
        -5.684341886080848e-14,
        -5.905158803816504,
        1
      ],
      "name": "Cube 15",
      "mesh": 4
    },
    {
      "matrix": [
        -0.8231827084802795,
        2.5535129566379034e-15,
        0.5677765656128341,
        0,
        0.5677765656129026,
        3.77475828372605e-15,
        0.8231827084803782,
        0,
        -5.551115123126594e-17,
        1.0000000000001468,
        -4.662936703426342e-15,
        0,
        -799.4128933791587,
        -5.684341886080802e-14,
        -762.4487573969521,
        1
      ],
      "name": "Cube 17",
      "mesh": 3
    },
    {
      "matrix": [
        -0.8231827084802795,
        2.5535129566379034e-15,
        0.5677765656128341,
        0,
        0.5677765656129026,
        3.77475828372605e-15,
        0.8231827084803782,
        0,
        -5.551115123126594e-17,
        1.0000000000001468,
        -4.662936703426342e-15,
        0,
        -799.4128933791586,
        -5.684341886080789e-14,
        59.50900076036797,
        1
      ],
      "name": "Cube 15",
      "mesh": 4
    },
    {
      "matrix": [
        -0.8231827084802795,
        2.5535129566379034e-15,
        0.5677765656128341,
        0,
        0.5677765656129026,
        3.77475828372605e-15,
        0.8231827084803782,
        0,
        -5.551115123126594e-17,
        1.0000000000001468,
        -4.662936703426342e-15,
        0,
        -799.4128933791585,
        -5.6843418860807485e-14,
        841.2447862528679,
        1
      ],
      "name": "Cube 13",
      "mesh": 7
    },
    {
      "matrix": [
        -0.7847466767277639,
        1.776356839400249e-15,
        -0.6198166288223719,
        0,
        -0.6198166288224544,
        -2.2204460492506065e-15,
        0.7847466767278679,
        0,
        2.220446049250609e-16,
        1.0000000000001357,
        2.2204460492506132e-15,
        0,
        799.3970008290091,
        9.663381206337363e-13,
        453.78695374805875,
        1
      ],
      "name": "Cube 16",
      "mesh": 2
    },
    {
      "matrix": [
        -0.7847466767277639,
        1.776356839400249e-15,
        -0.6198166288223719,
        0,
        -0.6198166288224544,
        -2.2204460492506065e-15,
        0.7847466767278679,
        0,
        2.220446049250609e-16,
        1.0000000000001357,
        2.2204460492506132e-15,
        0,
        799.3970008290091,
        9.663381206337358e-13,
        -1171.2776765649314,
        1
      ],
      "name": "Cube 17",
      "mesh": 3
    },
    {
      "matrix": [
        -0.7847466767277639,
        1.776356839400249e-15,
        -0.6198166288223719,
        0,
        -0.6198166288224544,
        -2.2204460492506065e-15,
        0.7847466767278679,
        0,
        2.220446049250609e-16,
        1.0000000000001357,
        2.2204460492506132e-15,
        0,
        799.3970008290089,
        9.66338120633736e-13,
        -349.3199184076111,
        1
      ],
      "name": "Cube 15",
      "mesh": 4
    },
    {
      "matrix": [
        0.7742503455907511,
        2.3314683517128256e-15,
        0.6328794532551991,
        0,
        0.6328794532552834,
        -2.2204460492506054e-15,
        -0.774250345590854,
        0,
        -3.3306690738759143e-16,
        1.0000000000001346,
        -3.1086244689508564e-15,
        0,
        -801.3965630902884,
        9.663381206337363e-13,
        -419.0190184544066,
        1
      ],
      "name": "Cube 17",
      "mesh": 3
    },
    {
      "matrix": [
        0.7742503455907511,
        2.3314683517128256e-15,
        0.6328794532551991,
        0,
        0.6328794532552834,
        -2.2204460492506054e-15,
        -0.774250345590854,
        0,
        -3.3306690738759143e-16,
        1.0000000000001346,
        -3.1086244689508564e-15,
        0,
        -801.3965630902883,
        9.663381206337363e-13,
        402.9387397029135,
        1
      ],
      "name": "Cube 15",
      "mesh": 4
    },
    {
      "matrix": [
        0.7742503455907511,
        2.3314683517128256e-15,
        0.6328794532551991,
        0,
        0.6328794532552834,
        -2.2204460492506054e-15,
        -0.774250345590854,
        0,
        -3.3306690738759143e-16,
        1.0000000000001346,
        -3.1086244689508564e-15,
        0,
        -801.3965630902884,
        9.663381206337365e-13,
        1184.6745251954137,
        1
      ],
      "name": "Cube 7",
      "mesh": 8
    },
    {
      "matrix": [
        1,
        0,
        0,
        0,
        0,
        2.2204460492505833e-16,
        -1.000000000000122,
        0,
        0,
        1.000000000000122,
        2.2204460492505833e-16,
        0,
        56.61073067346308,
        9.379164112033322e-13,
        -391.8236113379368,
        1
      ],
      "name": "Cube 17",
      "mesh": 3
    },
    {
      "matrix": [
        1,
        0,
        0,
        0,
        0,
        2.220446049250583e-16,
        -1.0000000000001217,
        0,
        0,
        1.0000000000001217,
        2.220446049250583e-16,
        0,
        56.61073067346309,
        9.37916411203332e-13,
        430.1341468193833,
        1
      ],
      "name": "Cube 15",
      "mesh": 4
    },
    {
      "matrix": [
        1,
        0,
        0,
        0,
        0,
        2.2204460492505833e-16,
        -1.000000000000122,
        0,
        0,
        1.000000000000122,
        2.2204460492505833e-16,
        0,
        56.61073067346308,
        9.379164112033322e-13,
        -1211.8699323118833,
        1
      ],
      "name": "Cube 18",
      "mesh": 9
    },
    {
      "matrix": [
        1,
        0,
        0,
        0,
        0,
        2.220446049250583e-16,
        -1.0000000000001217,
        0,
        0,
        1.0000000000001217,
        2.220446049250583e-16,
        0,
        56.61073067346309,
        9.379164112033322e-13,
        -796.6462584730489,
        1
      ],
      "name": "Cube 17",
      "mesh": 3
    },
    {
      "matrix": [
        1,
        0,
        0,
        0,
        0,
        2.2204460492505823e-16,
        -1.0000000000001215,
        0,
        0,
        1.0000000000001215,
        2.2204460492505823e-16,
        0,
        56.610730673463074,
        9.379164112033324e-13,
        25.3114996842711,
        1
      ],
      "name": "Cube 15",
      "mesh": 4
    },
    {
      "matrix": [
        1,
        0,
        0,
        0,
        0,
        2.220446049250582e-16,
        -1.0000000000001212,
        0,
        0,
        1.0000000000001212,
        2.220446049250582e-16,
        0,
        56.61073067346308,
        9.37916411203332e-13,
        807.047285176771,
        1
      ],
      "name": "Cube 9",
      "mesh": 10
    },
    {
      "matrix": [
        1,
        0,
        0,
        0,
        0,
        2.2204460492505823e-16,
        -1.0000000000001215,
        0,
        0,
        1.0000000000001215,
        2.2204460492505823e-16,
        0,
        -667.0242054140588,
        9.379164112033322e-13,
        -796.646258473049,
        1
      ],
      "name": "Cube 17",
      "mesh": 3
    },
    {
      "matrix": [
        1,
        0,
        0,
        0,
        0,
        2.220446049250582e-16,
        -1.0000000000001212,
        0,
        0,
        1.0000000000001212,
        2.220446049250582e-16,
        0,
        -667.024205414059,
        9.379164112033324e-13,
        25.311499684271098,
        1
      ],
      "name": "Cube 15",
      "mesh": 4
    },
    {
      "matrix": [
        1,
        0,
        0,
        0,
        0,
        2.2204460492505813e-16,
        -1.000000000000121,
        0,
        0,
        1.000000000000121,
        2.2204460492505813e-16,
        0,
        -667.0242054140589,
        9.379164112033322e-13,
        807.0472851767711,
        1
      ],
      "name": "Cube 8",
      "mesh": 11
    },
    {
      "matrix": [
        1,
        0,
        0,
        0,
        0,
        2.220446049250582e-16,
        -1.0000000000001212,
        0,
        0,
        1.0000000000001212,
        2.220446049250582e-16,
        0,
        -667.024205414059,
        9.379164112033322e-13,
        -391.8236113379367,
        1
      ],
      "name": "Cube 17",
      "mesh": 3
    },
    {
      "matrix": [
        1,
        0,
        0,
        0,
        0,
        2.2204460492505813e-16,
        -1.000000000000121,
        0,
        0,
        1.000000000000121,
        2.2204460492505813e-16,
        0,
        -667.0242054140589,
        9.379164112033324e-13,
        430.1341468193834,
        1
      ],
      "name": "Cube 15",
      "mesh": 4
    },
    {
      "matrix": [
        1,
        0,
        0,
        0,
        0,
        2.220446049250581e-16,
        -1.0000000000001208,
        0,
        0,
        1.0000000000001208,
        2.220446049250581e-16,
        0,
        -667.0242054140588,
        9.379164112033322e-13,
        1211.8699323118835,
        1
      ],
      "name": "Cube 6",
      "mesh": 12
    },
    {
      "matrix": [
        1,
        0,
        0,
        0,
        0,
        2.220446049250555e-16,
        -1.0000000000001092,
        0,
        0,
        1.0000000000001092,
        2.220446049250555e-16,
        0,
        205.49749274547509,
        9.379164112033322e-13,
        -391.82361133793677,
        1
      ],
      "name": "Cube 17",
      "mesh": 3
    },
    {
      "matrix": [
        1,
        0,
        0,
        0,
        0,
        2.2204460492505547e-16,
        -1.000000000000109,
        0,
        0,
        1.000000000000109,
        2.2204460492505547e-16,
        0,
        205.4974927454751,
        9.379164112033322e-13,
        430.1341468193833,
        1
      ],
      "name": "Cube 15",
      "mesh": 4
    },
    {
      "matrix": [
        1,
        0,
        0,
        0,
        0,
        2.220446049250555e-16,
        -1.0000000000001092,
        0,
        0,
        1.0000000000001092,
        2.220446049250555e-16,
        0,
        205.49749274547509,
        9.379164112033322e-13,
        -1211.8699323118838,
        1
      ],
      "name": "Cube 18",
      "mesh": 9
    },
    {
      "matrix": [
        1,
        0,
        0,
        0,
        0,
        2.2204460492505547e-16,
        -1.000000000000109,
        0,
        0,
        1.000000000000109,
        2.2204460492505547e-16,
        0,
        205.4974927454751,
        9.379164112033322e-13,
        -796.646258473049,
        1
      ],
      "name": "Cube 17",
      "mesh": 3
    },
    {
      "matrix": [
        1,
        0,
        0,
        0,
        0,
        2.220446049250554e-16,
        -1.0000000000001088,
        0,
        0,
        1.0000000000001088,
        2.220446049250554e-16,
        0,
        205.49749274547506,
        9.379164112033324e-13,
        25.311499684271098,
        1
      ],
      "name": "Cube 15",
      "mesh": 4
    },
    {
      "matrix": [
        1,
        0,
        0,
        0,
        0,
        2.2204460492505537e-16,
        -1.0000000000001086,
        0,
        0,
        1.0000000000001086,
        2.2204460492505537e-16,
        0,
        205.49749274547509,
        9.37916411203332e-13,
        807.0472851767711,
        1
      ],
      "name": "Cube 9",
      "mesh": 10
    },
    {
      "matrix": [
        1,
        0,
        0,
        0,
        0,
        2.220446049250554e-16,
        -1.0000000000001088,
        0,
        0,
        1.0000000000001088,
        2.220446049250554e-16,
        0,
        -518.1374433420468,
        9.379164112033324e-13,
        -796.6462584730491,
        1
      ],
      "name": "Cube 17",
      "mesh": 3
    },
    {
      "matrix": [
        1,
        0,
        0,
        0,
        0,
        2.2204460492505537e-16,
        -1.0000000000001086,
        0,
        0,
        1.0000000000001086,
        2.2204460492505537e-16,
        0,
        -518.1374433420468,
        9.379164112033324e-13,
        25.311499684271094,
        1
      ],
      "name": "Cube 15",
      "mesh": 4
    },
    {
      "matrix": [
        1,
        0,
        0,
        0,
        0,
        2.220446049250553e-16,
        -1.0000000000001084,
        0,
        0,
        1.0000000000001084,
        2.220446049250553e-16,
        0,
        -518.1374433420469,
        9.379164112033324e-13,
        807.0472851767711,
        1
      ],
      "name": "Cube 8",
      "mesh": 11
    },
    {
      "matrix": [
        1,
        0,
        0,
        0,
        0,
        2.2204460492505537e-16,
        -1.0000000000001086,
        0,
        0,
        1.0000000000001086,
        2.2204460492505537e-16,
        0,
        -518.1374433420468,
        9.379164112033322e-13,
        -391.8236113379368,
        1
      ],
      "name": "Cube 17",
      "mesh": 3
    },
    {
      "matrix": [
        1,
        0,
        0,
        0,
        0,
        2.220446049250553e-16,
        -1.0000000000001084,
        0,
        0,
        1.0000000000001084,
        2.220446049250553e-16,
        0,
        -518.1374433420468,
        9.379164112033322e-13,
        430.13414681938343,
        1
      ],
      "name": "Cube 15",
      "mesh": 4
    },
    {
      "matrix": [
        1,
        0,
        0,
        0,
        0,
        2.2204460492505527e-16,
        -1.0000000000001081,
        0,
        0,
        1.0000000000001081,
        2.2204460492505527e-16,
        0,
        -518.1374433420469,
        9.379164112033322e-13,
        1211.8699323118838,
        1
      ],
      "name": "Cube 5",
      "mesh": 13
    },
    {
      "matrix": [
        1,
        0,
        0,
        0,
        0,
        2.2204460492505157e-16,
        -1.0000000000000915,
        0,
        0,
        1.0000000000000915,
        2.2204460492505157e-16,
        0,
        346.29996340905933,
        9.379164112033322e-13,
        -391.8236113379367,
        1
      ],
      "name": "Cube 17",
      "mesh": 3
    },
    {
      "matrix": [
        1,
        0,
        0,
        0,
        0,
        2.220446049250515e-16,
        -1.0000000000000913,
        0,
        0,
        1.0000000000000913,
        2.220446049250515e-16,
        0,
        346.2999634090593,
        9.379164112033322e-13,
        430.13414681938326,
        1
      ],
      "name": "Cube 15",
      "mesh": 4
    },
    {
      "matrix": [
        1,
        0,
        0,
        0,
        0,
        2.2204460492505157e-16,
        -1.0000000000000915,
        0,
        0,
        1.0000000000000915,
        2.2204460492505157e-16,
        0,
        346.29996340905933,
        9.379164112033322e-13,
        -1211.8699323118833,
        1
      ],
      "name": "Cube 18",
      "mesh": 9
    },
    {
      "matrix": [
        1,
        0,
        0,
        0,
        0,
        2.220446049250515e-16,
        -1.0000000000000913,
        0,
        0,
        1.0000000000000913,
        2.220446049250515e-16,
        0,
        346.2999634090593,
        9.379164112033322e-13,
        -796.6462584730491,
        1
      ],
      "name": "Cube 17",
      "mesh": 3
    },
    {
      "matrix": [
        1,
        0,
        0,
        0,
        0,
        2.2204460492505147e-16,
        -1.000000000000091,
        0,
        0,
        1.000000000000091,
        2.2204460492505147e-16,
        0,
        346.2999634090592,
        9.379164112033324e-13,
        25.311499684271094,
        1
      ],
      "name": "Cube 15",
      "mesh": 4
    },
    {
      "matrix": [
        1,
        0,
        0,
        0,
        0,
        2.220446049250514e-16,
        -1.0000000000000908,
        0,
        0,
        1.0000000000000908,
        2.220446049250514e-16,
        0,
        346.29996340905933,
        9.379164112033322e-13,
        807.047285176771,
        1
      ],
      "name": "Cube 9",
      "mesh": 10
    },
    {
      "matrix": [
        1,
        0,
        0,
        0,
        0,
        2.2204460492505147e-16,
        -1.000000000000091,
        0,
        0,
        1.000000000000091,
        2.2204460492505147e-16,
        0,
        -377.33497267846275,
        9.379164112033322e-13,
        -796.646258473049,
        1
      ],
      "name": "Cube 17",
      "mesh": 3
    },
    {
      "matrix": [
        1,
        0,
        0,
        0,
        0,
        2.220446049250514e-16,
        -1.0000000000000908,
        0,
        0,
        1.0000000000000908,
        2.220446049250514e-16,
        0,
        -377.3349726784627,
        9.379164112033324e-13,
        25.311499684271098,
        1
      ],
      "name": "Cube 15",
      "mesh": 4
    },
    {
      "matrix": [
        1,
        0,
        0,
        0,
        0,
        2.2204460492505137e-16,
        -1.0000000000000906,
        0,
        0,
        1.0000000000000906,
        2.2204460492505137e-16,
        0,
        -377.33497267846275,
        9.37916411203332e-13,
        807.0472851767711,
        1
      ],
      "name": "Cube 8",
      "mesh": 11
    },
    {
      "matrix": [
        1,
        0,
        0,
        0,
        0,
        2.220446049250514e-16,
        -1.0000000000000908,
        0,
        0,
        1.0000000000000908,
        2.220446049250514e-16,
        0,
        -377.3349726784627,
        9.379164112033322e-13,
        -391.82361133793677,
        1
      ],
      "name": "Cube 17",
      "mesh": 3
    },
    {
      "matrix": [
        1,
        0,
        0,
        0,
        0,
        2.2204460492505137e-16,
        -1.0000000000000906,
        0,
        0,
        1.0000000000000906,
        2.2204460492505137e-16,
        0,
        -377.33497267846275,
        9.37916411203332e-13,
        430.1341468193834,
        1
      ],
      "name": "Cube 15",
      "mesh": 4
    },
    {
      "matrix": [
        1,
        0,
        0,
        0,
        0,
        2.2204460492505133e-16,
        -1.0000000000000904,
        0,
        0,
        1.0000000000000904,
        2.2204460492505133e-16,
        0,
        -377.3349726784627,
        9.379164112033322e-13,
        1211.8699323118833,
        1
      ],
      "name": "Cube 4",
      "mesh": 14
    },
    {
      "matrix": [
        1,
        0,
        0,
        0,
        0,
        2.220446049250494e-16,
        -1.0000000000000817,
        0,
        0,
        1.0000000000000817,
        2.220446049250494e-16,
        0,
        497.6770604921623,
        9.37916411203332e-13,
        -391.82361133793677,
        1
      ],
      "name": "Cube 17",
      "mesh": 3
    },
    {
      "matrix": [
        1,
        0,
        0,
        0,
        0,
        2.2204460492504935e-16,
        -1.0000000000000815,
        0,
        0,
        1.0000000000000815,
        2.2204460492504935e-16,
        0,
        497.6770604921623,
        9.379164112033322e-13,
        430.13414681938326,
        1
      ],
      "name": "Cube 15",
      "mesh": 4
    },
    {
      "matrix": [
        1,
        0,
        0,
        0,
        0,
        2.220446049250494e-16,
        -1.0000000000000817,
        0,
        0,
        1.0000000000000817,
        2.220446049250494e-16,
        0,
        497.6770604921623,
        9.379164112033322e-13,
        -1211.8699323118833,
        1
      ],
      "name": "Cube 18",
      "mesh": 9
    },
    {
      "matrix": [
        1,
        0,
        0,
        0,
        0,
        2.2204460492504935e-16,
        -1.0000000000000815,
        0,
        0,
        1.0000000000000815,
        2.2204460492504935e-16,
        0,
        497.6770604921623,
        9.379164112033324e-13,
        -796.646258473049,
        1
      ],
      "name": "Cube 17",
      "mesh": 3
    },
    {
      "matrix": [
        1,
        0,
        0,
        0,
        0,
        2.220446049250493e-16,
        -1.0000000000000813,
        0,
        0,
        1.0000000000000813,
        2.220446049250493e-16,
        0,
        497.6770604921622,
        9.379164112033322e-13,
        25.311499684271098,
        1
      ],
      "name": "Cube 15",
      "mesh": 4
    },
    {
      "matrix": [
        1,
        0,
        0,
        0,
        0,
        2.2204460492504925e-16,
        -1.000000000000081,
        0,
        0,
        1.000000000000081,
        2.2204460492504925e-16,
        0,
        497.6770604921622,
        9.379164112033324e-13,
        807.0472851767712,
        1
      ],
      "name": "Cube 9",
      "mesh": 10
    },
    {
      "matrix": [
        1,
        0,
        0,
        0,
        0,
        2.220446049250493e-16,
        -1.0000000000000813,
        0,
        0,
        1.0000000000000813,
        2.220446049250493e-16,
        0,
        -225.95787559535975,
        9.379164112033322e-13,
        -796.6462584730491,
        1
      ],
      "name": "Cube 17",
      "mesh": 3
    },
    {
      "matrix": [
        1,
        0,
        0,
        0,
        0,
        2.2204460492504925e-16,
        -1.000000000000081,
        0,
        0,
        1.000000000000081,
        2.2204460492504925e-16,
        0,
        -225.95787559535978,
        9.379164112033322e-13,
        25.3114996842711,
        1
      ],
      "name": "Cube 15",
      "mesh": 4
    },
    {
      "matrix": [
        1,
        0,
        0,
        0,
        0,
        2.220446049250492e-16,
        -1.0000000000000808,
        0,
        0,
        1.0000000000000808,
        2.220446049250492e-16,
        0,
        -225.95787559535972,
        9.379164112033322e-13,
        807.0472851767711,
        1
      ],
      "name": "Cube 8",
      "mesh": 11
    },
    {
      "matrix": [
        1,
        0,
        0,
        0,
        0,
        2.2204460492504925e-16,
        -1.000000000000081,
        0,
        0,
        1.000000000000081,
        2.2204460492504925e-16,
        0,
        -225.95787559535978,
        9.379164112033322e-13,
        -391.8236113379367,
        1
      ],
      "name": "Cube 17",
      "mesh": 3
    },
    {
      "matrix": [
        1,
        0,
        0,
        0,
        0,
        2.220446049250492e-16,
        -1.0000000000000808,
        0,
        0,
        1.0000000000000808,
        2.220446049250492e-16,
        0,
        -225.95787559535972,
        9.379164112033322e-13,
        430.1341468193834,
        1
      ],
      "name": "Cube 15",
      "mesh": 4
    },
    {
      "matrix": [
        1,
        0,
        0,
        0,
        0,
        2.2204460492504916e-16,
        -1.0000000000000806,
        0,
        0,
        1.0000000000000806,
        2.2204460492504916e-16,
        0,
        -225.95787559535975,
        9.37916411203332e-13,
        1211.8699323118833,
        1
      ],
      "name": "Cube 3",
      "mesh": 15
    },
    {
      "matrix": [
        1,
        0,
        0,
        0,
        0,
        2.220446049250453e-16,
        -1.0000000000000633,
        0,
        0,
        1.0000000000000633,
        2.220446049250453e-16,
        0,
        639.7663834408894,
        9.379164112033322e-13,
        -391.82361133793677,
        1
      ],
      "name": "Cube 17",
      "mesh": 3
    },
    {
      "matrix": [
        1,
        0,
        0,
        0,
        0,
        2.2204460492504526e-16,
        -1.000000000000063,
        0,
        0,
        1.000000000000063,
        2.2204460492504526e-16,
        0,
        639.7663834408894,
        9.37916411203332e-13,
        430.1341468193833,
        1
      ],
      "name": "Cube 15",
      "mesh": 4
    },
    {
      "matrix": [
        1,
        0,
        0,
        0,
        0,
        2.220446049250453e-16,
        -1.0000000000000633,
        0,
        0,
        1.0000000000000633,
        2.220446049250453e-16,
        0,
        639.7663834408894,
        9.379164112033322e-13,
        -1211.8699323118838,
        1
      ],
      "name": "Cube 18",
      "mesh": 9
    },
    {
      "matrix": [
        1,
        0,
        0,
        0,
        0,
        2.2204460492504526e-16,
        -1.000000000000063,
        0,
        0,
        1.000000000000063,
        2.2204460492504526e-16,
        0,
        639.7663834408894,
        9.379164112033324e-13,
        -796.646258473049,
        1
      ],
      "name": "Cube 17",
      "mesh": 3
    },
    {
      "matrix": [
        1,
        0,
        0,
        0,
        0,
        2.220446049250452e-16,
        -1.0000000000000628,
        0,
        0,
        1.0000000000000628,
        2.220446049250452e-16,
        0,
        639.7663834408893,
        9.379164112033322e-13,
        25.311499684271094,
        1
      ],
      "name": "Cube 15",
      "mesh": 4
    },
    {
      "matrix": [
        1,
        0,
        0,
        0,
        0,
        2.2204460492504516e-16,
        -1.0000000000000626,
        0,
        0,
        1.0000000000000626,
        2.2204460492504516e-16,
        0,
        639.7663834408895,
        9.379164112033322e-13,
        807.047285176771,
        1
      ],
      "name": "Cube 9",
      "mesh": 10
    },
    {
      "matrix": [
        1,
        0,
        0,
        0,
        0,
        2.2204460492504526e-16,
        -1.000000000000063,
        0,
        0,
        1.000000000000063,
        2.2204460492504526e-16,
        0,
        -83.86855264663257,
        9.379164112033322e-13,
        -1211.8699323118835,
        1
      ],
      "name": "Cube 18",
      "mesh": 9
    },
    {
      "matrix": [
        1,
        0,
        0,
        0,
        0,
        2.220446049250452e-16,
        -1.0000000000000628,
        0,
        0,
        1.0000000000000628,
        2.220446049250452e-16,
        0,
        -83.86855264663257,
        9.379164112033322e-13,
        -796.6462584730491,
        1
      ],
      "name": "Cube 17",
      "mesh": 3
    },
    {
      "matrix": [
        1,
        0,
        0,
        0,
        0,
        2.2204460492504516e-16,
        -1.0000000000000626,
        0,
        0,
        1.0000000000000626,
        2.2204460492504516e-16,
        0,
        -83.86855264663255,
        9.379164112033322e-13,
        25.311499684271098,
        1
      ],
      "name": "Cube 15",
      "mesh": 4
    },
    {
      "matrix": [
        1,
        0,
        0,
        0,
        0,
        2.220446049250451e-16,
        -1.0000000000000624,
        0,
        0,
        1.0000000000000624,
        2.220446049250451e-16,
        0,
        -83.86855264663257,
        9.37916411203332e-13,
        807.0472851767711,
        1
      ],
      "name": "Cube 8",
      "mesh": 11
    },
    {
      "matrix": [
        1,
        0,
        0,
        0,
        0,
        2.2204460492504516e-16,
        -1.0000000000000626,
        0,
        0,
        1.0000000000000626,
        2.2204460492504516e-16,
        0,
        -83.86855264663255,
        9.37916411203332e-13,
        -391.8236113379367,
        1
      ],
      "name": "Cube 17",
      "mesh": 3
    },
    {
      "matrix": [
        1,
        0,
        0,
        0,
        0,
        2.220446049250451e-16,
        -1.0000000000000624,
        0,
        0,
        1.0000000000000624,
        2.220446049250451e-16,
        0,
        -83.86855264663257,
        9.379164112033322e-13,
        430.13414681938343,
        1
      ],
      "name": "Cube 15",
      "mesh": 4
    },
    {
      "matrix": [
        1,
        0,
        0,
        0,
        0,
        2.2204460492504506e-16,
        -1.0000000000000622,
        0,
        0,
        1.0000000000000622,
        2.2204460492504506e-16,
        0,
        -83.86855264663257,
        9.379164112033318e-13,
        1211.8699323118838,
        1
      ],
      "name": "Cube 2",
      "mesh": 16
    },
    {
      "matrix": [
        1,
        0,
        0,
        0,
        0,
        1,
        0,
        0,
        0,
        0,
        1,
        0,
        83.86855264663257,
        130.54474189515918,
        -24.637948917676226,
        1
      ],
      "name": "Domino",
      "children": [
        4,
        5,
        6,
        7,
        8,
        9,
        10,
        11,
        12,
        13,
        14,
        15,
        16,
        17,
        18,
        19,
        20,
        21,
        22,
        23,
        24,
        25,
        26,
        27,
        28,
        29,
        30,
        31,
        32,
        33,
        34,
        35,
        36,
        37,
        38,
        39,
        40,
        41,
        42,
        43,
        44,
        45,
        46,
        47,
        48,
        49,
        50,
        51,
        52,
        53,
        54,
        55,
        56,
        57,
        58,
        59,
        60,
        61,
        62,
        63,
        64,
        65,
        66,
        67,
        68,
        69,
        70,
        71,
        72,
        73,
        74,
        75,
        76,
        77,
        78,
        79,
        80,
        81,
        82,
        83,
        84,
        85,
        86,
        87,
        88
      ]
    },
    {
      "matrix": [
        0.7049629977927848,
        5.551115123125783e-17,
        -0.7092440847430524,
        0,
        -0.525195328284455,
        0.6720562294727412,
        -0.5220251828935708,
        0,
        0.4766519053682611,
        0.7405001177764136,
        0.4737747742144194,
        0,
        453.30345331788084,
        515.9252012087616,
        352.5796875149462,
        1
      ],
      "camera": 0
    },
    {
      "matrix": [
        1,
        0,
        0,
        0,
        0,
        1,
        0,
        0,
        0,
        0,
        1,
        0,
        0,
        1,
        0,
        1
      ],
      "name": "Default Ambient Light"
    },
    {
      "name": "Scene",
      "children": [
        1,
        2,
        3,
        89,
        90,
        91
      ]
    }
  ],
  "extensions": {
    "KHR_lights_punctual": {
      "lights": [
        {
          "name": "Directional Light",
          "color": [
            1,
            1,
            1
          ],
          "intensity": 0.7,
          "type": "directional"
        }
      ]
    }
  },
  "bufferViews": [
    {
      "buffer": 0,
      "byteOffset": 0,
      "byteLength": 48,
      "target": 34962,
      "byteStride": 12
    },
    {
      "buffer": 0,
      "byteOffset": 48,
      "byteLength": 48,
      "target": 34962,
      "byteStride": 12
    },
    {
      "buffer": 0,
      "byteOffset": 96,
      "byteLength": 32,
      "target": 34962,
      "byteStride": 8
    },
    {
      "buffer": 0,
      "byteOffset": 128,
      "byteLength": 24,
      "target": 34963
    },
    {
      "buffer": 0,
      "byteOffset": 152,
      "byteLength": 50700,
      "target": 34962,
      "byteStride": 12
    },
    {
      "buffer": 0,
      "byteOffset": 50852,
      "byteLength": 50700,
      "target": 34962,
      "byteStride": 12
    },
    {
      "buffer": 0,
      "byteOffset": 101552,
      "byteLength": 33800,
      "target": 34962,
      "byteStride": 8
    },
    {
      "buffer": 0,
      "byteOffset": 135352,
      "byteLength": 48384,
